algorithm: ivf_pq
vectors: 20000
dimensions: 384
queries: 200
k: 10
n_clusters: 141
n_probe: 16
pq_subspaces: 48
pq_centroids: 256
residuals: false
build_elapsed_ms: 10433.000
search_p50_ms: 0.933375
search_p95_ms: 2.346209
mean_recall_at_k: 0.172000
