algorithm: ivf_pq
vectors: 20000
dimensions: 384
queries: 200
k: 10
n_clusters: 141
n_probe: 16
pq_subspaces: 48
pq_centroids: 256
residuals: false
build_elapsed_ms: 19745.000
search_p50_ms: 0.573042
search_p95_ms: 1.283417
mean_recall_at_k: 0.187000
